      
    time       volt
===================
      
     0.1       
   0.342      
     0.2       
     0.6      
     0.3       
   0.906      
     0.4       
   1.172      
     0.5       
    1.18      
     0.6       
   1.087      
     0.7       
   1.188      
     0.8       
   1.091      
     0.9       
   1.107      
       1       
   1.144      
     1.1       
   1.148      
     1.2       
   1.148      
     1.3       
   1.176      
     1.4       
    1.16      
     1.5       
   1.111      
     1.6       
   1.176      
     1.7       
   1.184      
     1.8       
   1.192      
     1.9       
   1.212      
       2       
   1.156      
     2.1       
   1.196      
     2.2       
   1.176      
     2.3       
   1.131      
     2.4       
   1.152      
     2.5       
   1.184      
     2.6       
   1.152      
     2.7       
   1.188      
     2.8       
   1.152      
     2.9       
   1.208      
       3       
   1.144      
     3.1       
    1.14      
     3.2       
   1.156      
     3.3       
   1.184      
     3.4       
   1.168      
     3.5       
   1.152      
     3.6       
   1.144      
     3.7       
   1.192      
     3.8       
   1.156      
     3.9       
   1.184      
       4       
   1.156      
     4.1       
   1.115      
     4.2       
     1.2      
     4.3       
   1.172      
     4.4       
   1.111      
     4.5       
   1.131      
     4.6       
   1.176      
     4.7       
   1.196      
     4.8       
    1.16      
     4.9       
     1.2      
       5       
   1.127      
     5.1       
   1.164      
     5.2       
   1.148      
     5.3       
   1.184      
     5.4       
   1.176      
     5.5       
   1.168      
     5.6       
    1.14      
     5.7       
   1.196      
     5.8       
   1.131      
     5.9       
   1.131      
       6       
   1.188      
     6.1       
   1.164      
     6.2       
   1.204      
     6.3       
   1.188      
     6.4       
   1.111      
     6.5       
   1.176      
     6.6       
    1.16      
     6.7       
   1.148      
     6.8       
   1.172      
     6.9       
   1.172      
       7       
   1.184      
     7.1       
    1.18      
     7.2       
   1.188      
     7.3       
   1.216      
     7.4       
    1.14      
     7.5       
   1.168      
     7.6       
   1.168      
     7.7       
   1.164      
     7.8       
    1.16      
     7.9       
   1.184      
       8       
   1.156      
     8.1       
   1.168      
     8.2       
   1.127      
     8.3       
   1.168      
     8.4       
   1.176      
     8.5       
   1.164      
     8.6       
   1.172      
     8.7       
   1.164      
     8.8       
   1.176      
     8.9       
   1.176      
       9       
   1.164      
     9.1       
   1.176      
     9.2       
   1.168      
     9.3       
   1.127      
     9.4       
   1.152      
     9.5       
   1.148      
     9.6       
    1.16      
     9.7       
   1.164      
     9.8       
   1.172      
     9.9       
   1.184      
    10.1       
   1.184      
    10.2       
   1.156      
    10.3       
   1.172      
    10.4       
   1.164      
    10.5       
   0.153      
    10.6       
   0.124