      
    time       valid-volt      error-volt     loop
=================================
       0           0.237          -0.237               0      
     0.1       
   0.064       
   0.036       
       0      
     0.2       
   0.197       
   0.003       
       0      
     0.3       
   0.265       
   0.035       
       0      
     0.4       
    0.37       
    0.03       
       0      
     0.5       
    0.41       
    0.09       
       0      
     0.6       
   0.455       
   0.045       
       0      
     0.7       
   0.495       
   0.005       
       0      
     0.8       
   0.499       
   0.001       
       0      
     0.9       
   0.531       
  -0.031       
       0      
       1       
   0.483       
   0.017       
       0      
     1.1       
    0.37       
    0.03       
       0      
     1.2       
   0.386       
  -0.086       
       0      
     1.3       
   0.213       
  -0.013       
       0      
     1.4       
   0.092       
   0.008       
       0      
     1.5       
   0.012       
  -0.012       
       0      
     1.6       
   0.088       
  -0.088       
       0      
     1.7       
  -0.008       
  -0.008       
       0      
     1.8       
  -0.008       
  -0.008       
       0      
     1.9       
   0.012       
  -0.012       
       0      
       2       
   0.032       
  -0.032       
       0      
     2.1       
   0.028       
   0.072       
       0      
     2.2       
   0.185       
   0.015       
       0      
     2.3       
   0.265       
   0.035       
       0      
     2.4       
   0.362       
   0.038       
       0      
     2.5       
   0.527       
  -0.027       
       0      
     2.6       
   0.495       
   0.005       
       0      
     2.7       
   0.523       
  -0.023       
       0      
     2.8       
   0.471       
   0.029       
       0      
     2.9       
   0.515       
  -0.015       
       0      
       3       
   0.523       
  -0.023       
       0      
     3.1       
    0.35       
    0.05       
       0      
     3.2       
   0.338       
  -0.038       
       0      
     3.3       
   0.197       
   0.003       
       0      
     3.4       
   0.177       
  -0.077       
       0      
     3.5       
   -0.06       
   -0.06       
       0      
     3.6       
  -0.028       
  -0.028       
       0      
     3.7       
  -0.008       
  -0.008       
       0      
     3.8       
  -0.072       
  -0.072       
       0      
     3.9       
  -0.012       
  -0.012       
       0      
       4       
  -0.044       
  -0.044       
       0      
     4.1       
   0.008       
   0.092       
       0      
     4.2       
   0.088       
   0.112       
       0      
     4.3       
   0.185       
   0.115       
       0      
     4.4       
   0.354       
   0.046       
       0      
     4.5       
   0.471       
   0.029       
       0      
     4.6       
   0.471       
   0.029       
       0      
     4.7       
   0.499       
   0.001       
       0      
     4.8       
   0.475       
   0.025       
       0      
     4.9       
   0.543       
  -0.043       
       0      
       5       
   0.551       
  -0.051       
       0      
     5.1       
    0.41       
   -0.01       
       0      
     5.2       
   0.378       
  -0.078       
       0      
     5.3       
   0.124       
   0.076       
       0      
     5.4       
   0.128       
  -0.028       
       0      
     5.5       
  -0.056       
  -0.056       
       0      
     5.6       
  -0.044       
  -0.044       
       0      
     5.7       
   0.024       
  -0.024       
       0      
     5.8       
  -0.048       
  -0.048       
       0      
     5.9       
  -0.048       
  -0.048       
       0      
       6       
  -0.048       
  -0.048       
       0      
     6.1       
   -0.04       
    0.06       
       0      
     6.2       
   0.153       
   0.047       
       0      
     6.3       
   0.257       
   0.043       
       0      
     6.4       
   0.245       
   0.155       
       0      
     6.5       
   0.394       
   0.106       
       0      
     6.6       
   0.378       
   0.122       
       0      
     6.7       
   0.511       
  -0.011       
       0      
     6.8       
   0.467       
   0.033       
       0      
     6.9       
   0.471       
   0.029       
       0      
       7       
   0.447       
   0.053       
       0      
     7.1       
   0.463       
  -0.063       
       0      
     7.2       
   0.286       
   0.014       
       0      
     7.3       
   0.197       
   0.003       
       0      
     7.4       
   0.173       
  -0.073       
       0      
     7.5       
    0.02       
   -0.02       
       0      
     7.6       
  -0.016       
  -0.016       
       0      
     7.7       
   0.032       
  -0.032       
       0      
     7.8       
   0.012       
  -0.012       
       0      
     7.9       
   0.032       
  -0.032       
       0      
       8       
  -0.004       
  -0.004       
       0      
     8.1       
    0.06       
    0.04       
       0      
     8.2       
   0.189       
   0.011       
       0      
     8.3       
   0.338       
  -0.038       
       0      
     8.4       
    0.41       
   -0.01       
       0      
     8.5       
   0.443       
   0.057       
       0      
     8.6       
   0.447       
   0.053       
       0      
     8.7       
   0.523       
  -0.023       
       0      
     8.8       
   0.459       
   0.041       
       0      
     8.9       
   0.443       
   0.057       
       0      
       9       
   0.499       
   0.001       
       0      
     9.1       
   0.418       
  -0.018       
       0      
     9.2       
   0.302       
  -0.002       
       0      
     9.3       
   0.225       
  -0.025       
       0      
     9.4       
     0.1       
       0       
       0      
     9.5       
  -0.056       
  -0.056       
       0      
     9.6       
   0.008       
  -0.008       
       0      
     9.7       
       0       
       0       
       0      
     9.8       
    0.02       
   -0.02       
       0      
     9.9       
  -0.056       
  -0.056       
       0      
      10       
  -0.036       
  -0.036       
       0      
    10.1       
   0.056       
   0.044       
       0      
    10.2       
   0.165       
   0.035       
       0      
    10.3       
   0.265       
   0.035       
       0      
    10.4       
   0.422       
  -0.022       
       0      
    10.5       
   0.475       
   0.025       
       0      
    10.6       
   0.422       
   0.078       
       0      
    10.7       
   0.475       
   0.025       
       0      
    10.8       
   0.471       
   0.029       
       0      
    10.9       
   0.604       
  -0.104       
       0      
      11       
   0.535       
  -0.035       
       0      
    11.1       
   0.378       
   0.022       
       0      
    11.2       
   0.294       
   0.006       
       0      
    11.3       
   0.197       
   0.003       
       0      
    11.4       
   0.136       
  -0.036       
       0      
    11.5       
   0.036       
  -0.036       
       0      
    11.6       
   0.012       
  -0.012       
       0      
    11.7       
   0.008       
  -0.008       
       0      
    11.8       
   0.008       
  -0.008       
       0      
    11.9       
   0.008       
  -0.008       
       0      
      12       
   0.024       
  -0.024       
       0      
    12.1       
   0.104       
  -0.004       
       0      
    12.2       
   0.189       
   0.011       
       0      
    12.3       
   0.294       
   0.006       
       0      
    12.4       
   0.382       
   0.018       
       0      
    12.5       
   0.459       
   0.041       
       0      
    12.6       
   0.422       
   0.078       
       0      
    12.7       
   0.455       
   0.045       
       0      
    12.8       
   0.531       
  -0.031       
       0      
    12.9       
   0.491       
   0.009       
       0      
      13       
   0.467       
   0.033       
       0      
    13.1       
   0.374       
   0.026       
       0      
    13.2       
   0.358       
  -0.058       
       0      
    13.3       
   0.225       
  -0.025       
       0      
    13.4       
   0.153       
  -0.053       
       0      
    13.5       
   0.048       
  -0.048       
       0      
    13.6       
  -0.084       
  -0.084       
       0      
    13.7       
   0.008       
  -0.008       
       0      
    13.8       
  -0.032       
  -0.032       
       0      
    13.9       
  -0.032       
  -0.032       
       0      
      14       
  -0.044       
  -0.044       
       0      
    14.1       
    0.04       
    0.06       
       0      
    14.2       
   0.128       
   0.072       
       0      
    14.3       
   0.233       
   0.067       
       0      
    14.4       
   0.414       
  -0.014       
       0      
    14.5       
   0.394       
   0.106       
       0      
    14.6       
   0.475       
   0.025       
       0      
    14.7       
   0.439       
   0.061       
       0      
    14.8       
   0.439       
   0.061       
       0      
    14.9       
   0.495       
   0.005       
       0      
      15       
   0.495       
   0.005       
       0      
    15.1       
   0.455       
  -0.055       
       0      
    15.2       
   0.286       
   0.014       
       0      
    15.3       
   0.225       
  -0.025       
       0      
    15.4       
   0.064       
   0.036       
       0      
    15.5       
   0.048       
  -0.048       
       0      
    15.6       
   0.016       
  -0.016       
       0      
    15.7       
   0.008       
  -0.008       
       0      
    15.8       
  -0.032       
  -0.032       
       0      
    15.9       
  -0.048       
  -0.048       
       0      
      16       
  -0.024       
  -0.024       
       0      
    16.1       
   0.088       
   0.012       
       0      
    16.2       
   0.173       
   0.027       
       0      
    16.3       
   0.265       
   0.035       
       0      
    16.4       
   0.398       
   0.002       
       0      
    16.5       
   0.443       
   0.057       
       0      
    16.6       
   0.431       
   0.069       
       0      
    16.7       
   0.551       
  -0.051       
       0      
    16.8       
   0.471       
   0.029       
       0      
    16.9       
   0.515       
  -0.015       
       0      
      17       
   0.519       
  -0.019       
       0      
    17.1       
   0.439       
  -0.039       
       0      
    17.2       
   0.273       
   0.027       
       0      
    17.3       
   0.173       
   0.027       
       0      
    17.4       
    0.12       
   -0.02       
       0      
    17.5       
   0.136       
  -0.136       
       0      
    17.6       
   0.072       
  -0.072       
       0      
    17.7       
  -0.024       
  -0.024       
       0      
    17.8       
  -0.028       
  -0.028       
       0      
    17.9       
  -0.064       
  -0.064       
       0      
      18       
  -0.052       
  -0.052       
       0      
    18.1       
   0.048       
   0.052       
       0      
    18.2       
   0.193       
   0.007       
       0      
    18.3       
   0.209       
   0.091       
       0      
    18.4       
   0.281       
   0.119       
       0      
    18.5       
   0.475       
   0.025       
       0      
    18.6       
   0.475       
   0.025       
       0      
    18.7       
   0.519       
  -0.019       
       0      
    18.8       
   0.491       
   0.009       
       0      
    18.9       
   0.451       
   0.049       
       0      
      19       
   0.495       
   0.005       
       0      
    19.1       
    0.39       
    0.01       
       0      
    19.2       
   0.302       
  -0.002       
       0      
    19.3       
   0.177       
   0.023       
       0      
    19.4       
    0.14       
   -0.04       
       0      
    19.5       
   0.032       
  -0.032       
       0      
    19.6       
   0.048       
  -0.048       
       0      
    19.7       
  -0.012       
  -0.012       
       0      
    19.8       
  -0.036       
  -0.036       
       0      
    19.9       
  -0.028       
  -0.028       
       0      
      20       
  -0.052       
  -0.052       
       0      
    20.1       
   0.108       
  -0.008       
       0      
    20.2       
   0.112       
   0.088       
       0      
    20.3       
   0.277       
   0.023       
       0      
    20.4       
    0.35       
    0.05       
       0      
    20.5       
   0.459       
   0.041       
       0      
    20.6       
   0.495       
   0.005       
       0      
    20.7       
   0.535       
  -0.035       
       0      
    20.8       
   0.483       
   0.017       
       0      
    20.9       
   0.467       
   0.033       
       0      
      21       
   0.491       
   0.009       
       0      
    21.1       
   0.398       
   0.002       
       0      
    21.2       
   0.318       
  -0.018       
       0      
    21.3       
   0.161       
   0.039       
       0      
    21.4       
   0.165       
  -0.065       
       0      
    21.5       
   0.096       
  -0.096       
       0      
    21.6       
   0.072       
  -0.072       
       0      
    21.7       
  -0.016       
  -0.016       
       0      
    21.8       
  -0.024       
  -0.024       
       0      
    21.9       
  -0.008       
  -0.008       
       0      
      22       
  -0.092       
  -0.092       
       0      
    22.1       
   0.092       
   0.008       
       0      
    22.2       
    0.14       
    0.06       
       0      
    22.3       
   0.209       
   0.091       
       0      
    22.4       
   0.354       
   0.046       
       0      
    22.5       
   0.414       
   0.086       
       0      
    22.6       
   0.479       
   0.021       
       0      
    22.7       
   0.555       
  -0.055       
       0      
    22.8       
   0.495       
   0.005       
       0      
    22.9       
   0.503       
  -0.003       
       0      
      23       
   0.495       
   0.005       
       0      
    23.1       
   0.402       
  -0.002       
       0      
    23.2       
    0.33       
   -0.03       
       0      
    23.3       
   0.213       
  -0.013       
       0      
    23.4       
    0.14       
   -0.04       
       0      
    23.5       
   0.036       
  -0.036       
       0      
    23.6       
  -0.008       
  -0.008       
       0      
    23.7       
  -0.072       
  -0.072       
       0      
    23.8       
  -0.016       
  -0.016       
       0      
    23.9       
  -0.064       
  -0.064       
       0      
      24       
  -0.016       
  -0.016       
       0      
    24.1       
   0.024       
   0.076       
       0      
    24.2       
   0.145       
   0.055       
       0      
    24.3       
   0.265       
   0.035       
       0      
    24.4       
    0.37       
    0.03       
       0      
    24.5       
   0.435       
   0.065       
       0      
    24.6       
   0.491       
   0.009       
       0      
    24.7       
   0.467       
   0.033       
       0      
    24.8       
   0.535       
  -0.035       
       0      
    24.9       
   0.479       
   0.021       
       0      
      25       
   0.535       
  -0.035       
       0      
    25.1       
   0.418       
  -0.018       
       0      
    25.2       
   0.298       
   0.002       
       0      
    25.3       
   0.229       
  -0.029       
       0      
    25.4       
   0.124       
  -0.024       
       0      
    25.5       
   -0.04       
   -0.04       
       0      
    25.6       
  -0.008       
  -0.008       
       0      
    25.7       
   0.028       
  -0.028       
       0      
    25.8       
  -0.028       
  -0.028       
       0      
    25.9       
   -0.06       
   -0.06       
       0      
      26       
  -0.052       
  -0.052       
       0      
    26.1       
    0.02       
    0.08       
       0      
    26.2       
   0.136       
   0.064       
       0      
    26.3       
   0.221       
   0.079       
       0      
    26.4       
    0.33       
    0.07       
       0      
    26.5       
   0.443       
   0.057       
       0      
    26.6       
   0.507       
  -0.007       
       0      
    26.7       
   0.487       
   0.013       
       0      
    26.8       
   0.435       
   0.065       
       0      
    26.9       
   0.463       
   0.037       
       0      
      27       
   0.479       
   0.021       
       0      
    27.1       
   0.439       
  -0.039       
       0      
    27.2       
   0.346       
  -0.046       
       0      
    27.3       
   0.189       
   0.011       
       0      
    27.4       
    0.14       
   -0.04       
       0      
    27.5       
  -0.012       
  -0.012       
       0      
    27.6       
    0.04       
   -0.04       
       0      
    27.7       
  -0.032       
  -0.032       
       0      
    27.8       
  -0.032       
  -0.032       
       0      
    27.9       
  -0.092       
  -0.092       
       0      
      28       
  -0.072       
  -0.072       
       0      
    28.1       
  -0.064       
   0.036       
       0      
    28.2       
   0.128       
   0.072       
       0      
    28.3       
   0.245       
   0.055       
       0      
    28.4       
   0.298       
   0.102       
       0      
    28.5       
   0.427       
   0.073       
       0      
    28.6       
   0.459       
   0.041       
       0      
    28.7       
   0.435       
   0.065       
       0      
    28.8       
   0.499       
   0.001       
       0      
    28.9       
   0.499       
   0.001       
       0      
      29       
   0.511       
  -0.011       
       0      
    29.1       
    0.41       
   -0.01       
       0      
    29.2       
   0.314       
  -0.014       
       0      
    29.3       
   0.221       
  -0.021       
       0      
    29.4       
   0.096       
   0.004       
       0      
    29.5       
   0.032       
  -0.032       
       0      
    29.6       
  -0.036       
  -0.036       
       0      
    29.7       
  -0.044       
  -0.044       
       0      
    29.8       
   0.032       
  -0.032       
       0      
    29.9       
  -0.052       
  -0.052       
       0      
      30       
   -0.06       
   -0.06       
       0      
    30.1       
  -0.012       
   0.088       
       0      
    30.2       
   0.132       
   0.068       
       0      
    30.3       
   0.241       
   0.059       
       0      
    30.4       
   0.314       
   0.086       
       0      
    30.5       
   0.427       
   0.073       
       0      
    30.6       
   0.451       
   0.049       
       0      
    30.7       
   0.431       
   0.069       
       0      
    30.8       
   0.499       
   0.001       
       0      
    30.9       
   0.515       
  -0.015       
       0      
      31       
   0.547       
  -0.047       
       0      
    31.1       
   0.334       
   0.066       
       0      
    31.2       
   0.298       
   0.002       
       0      
    31.3       
   0.249       
  -0.049       
       0      
    31.4       
    0.12       
   -0.02       
       0      
    31.5       
   0.064       
  -0.064       
       0      
    31.6       
    0.02       
   -0.02       
       0      
    31.7       
    0.02       
   -0.02       
       0      
    31.8       
   0.048       
  -0.048       
       0      
    31.9       
   0.032       
  -0.032       
       0      
      32       
  -0.024       
  -0.024       
       0      
    32.1       
   0.016       
   0.084       
       0      
    32.2       
   0.145       
   0.055       
       0      
    32.3       
   0.233       
   0.067       
       0      
    32.4       
   0.366       
   0.034       
       0      
    32.5       
   0.531       
  -0.031       
       0      
    32.6       
   0.455       
   0.045       
       0      
    32.7       
   0.503       
  -0.003       
       0      
    32.8       
   0.475       
   0.025       
       0      
    32.9       
   0.519       
  -0.019       
       0      
      33       
   0.503       
  -0.003       
       0      
    33.1       
   0.394       
   0.006       
       0      
    33.2       
    0.31       
   -0.01       
       0      
    33.3       
   0.225       
  -0.025       
       0      
    33.4       
   0.096       
   0.004       
       0      
    33.5       
   0.012       
  -0.012       
       0      
    33.6       
    0.02       
   -0.02       
       0      
    33.7       
   -0.02       
   -0.02       
       0      
    33.8       
    0.04       
   -0.04       
       0      
    33.9       
   0.016       
  -0.016       
       0      
      34       
  -0.028       
  -0.028       
       0      
    34.1       
    0.06       
    0.04       
       0      
    34.2       
   0.165       
   0.035       
       0      
    34.3       
   0.277       
   0.023       
       0      
    34.4       
   0.402       
  -0.002       
       0      
    34.5       
   0.467       
   0.033       
       0      
    34.6       
   0.487       
   0.013       
       0      
    34.7       
   0.515       
  -0.015       
       0      
    34.8       
   0.547       
  -0.047       
       0      
    34.9       
   0.491       
   0.009       
       0      
      35       
   0.523       
  -0.023       
       0      
    35.1       
   0.358       
   0.042       
       0      
    35.2       
   0.302       
  -0.002       
       0      
    35.3       
   0.229       
  -0.029       
       0      
    35.4       
   0.124       
  -0.024       
       0      
    35.5       
  -0.004       
  -0.004       
       0      
    35.6       
  -0.016       
  -0.016       
       0      
    35.7       
   -0.02       
   -0.02       
       0      
    35.8       
   0.024       
  -0.024       
       0      
    35.9       
   -0.04       
   -0.04       
       0      
      36       
  -0.044       
  -0.044       
       0      
    36.1       
   0.104       
  -0.004       
       0      
    36.2       
     0.1       
     0.1       
       0      
    36.3       
   0.273       
   0.027       
       0      
    36.4       
   0.338       
   0.062       
       0      
    36.5       
   0.483       
   0.017       
       0      
    36.6       
   0.463       
   0.037       
       0      
    36.7       
   0.467       
   0.033       
       0      
    36.8       
   0.467       
   0.033       
       0      
    36.9       
   0.451       
   0.049       
       0      
      37       
   0.563       
  -0.063       
       0      
    37.1       
   0.394       
   0.006       
       0      
    37.2       
   0.326       
  -0.026       
       0      
    37.3       
   0.201       
  -0.001       
       0      
    37.4       
   0.128       
  -0.028       
       0      
    37.5       
    0.02       
   -0.02       
       0      
    37.6       
   0.044       
  -0.044       
       0      
    37.7       
   0.016       
  -0.016       
       0      
    37.8       
  -0.012       
  -0.012       
       0      
    37.9       
  -0.024       
  -0.024       
       0      
      38       
  -0.012       
  -0.012       
       0      
    38.1       
   0.048       
   0.052       
       0      
    38.2       
   0.165       
   0.035       
       0      
    38.3       
   0.322       
  -0.022       
       0      
    38.4       
   0.398       
   0.002       
       0      
    38.5       
   0.422       
   0.078       
       0      
    38.6       
   0.491       
   0.009       
       0      
    38.7       
   0.503       
  -0.003       
       0      
    38.8       
   0.487       
   0.013       
       0      
    38.9       
   0.463       
   0.037       
       0      
      39       
   0.491       
   0.009       
       0      
    39.1       
   0.439       
  -0.039       
       0      
    39.2       
   0.314       
  -0.014       
       0      
    39.3       
   0.189       
   0.011       
       0      
    39.4       
   0.104       
  -0.004       
       0      
    39.5       
  -0.016       
  -0.016       
       0      
    39.6       
  -0.024       
  -0.024       
       0      
    39.7       
   0.004       
  -0.004       
       0      
    39.8       
  -0.008       
  -0.008       
       0      
    39.9       
       0       
       0       
       0      
      40       
  -0.008       
  -0.008       
       0      
    40.1       
   0.157       
  -0.057       
       0      
    40.2       
   0.153       
   0.047       
       0      
    40.3       
   0.302       
  -0.002       
       0      
    40.4       
   0.439       
  -0.039       
       0      
    40.5       
   0.435       
   0.065       
       0      
    40.6       
   0.439       
   0.061       
       0      
    40.7       
   0.443       
   0.057       
       0      
    40.8       
   0.459       
   0.041       
       0      
    40.9       
   0.551       
  -0.051       
       0      
      41       
   0.499       
   0.001       
       0      
    41.1       
   0.459       
  -0.059       
       0      
    41.2       
   0.322       
  -0.022       
       0      
    41.3       
   0.189       
   0.011       
       0      
    41.4       
   0.008       
   0.092       
       0      
    41.5       
  -0.004       
  -0.004       
       0      
    41.6       
   0.044       
  -0.044       
       0      
    41.7       
  -0.016       
  -0.016       
       0      
    41.8       
   0.032       
  -0.032       
       0      
    41.9       
   0.024       
  -0.024       
       0      
      42       
  -0.024       
  -0.024       
       0      
    42.1       
  -0.028       
   0.072       
       0      
    42.2       
   0.177       
   0.023       
       0      
    42.3       
   0.249       
   0.051       
       0      
    42.4       
   0.378       
   0.022       
       0      
    42.5       
   0.422       
   0.078       
       0      
    42.6       
   0.487       
   0.013       
       0      
    42.7       
   0.507       
  -0.007       
       0      
    42.8       
   0.499       
   0.001       
       0      
    42.9       
   0.515       
  -0.015       
       0      
      43       
   0.499       
   0.001       
       0      
    43.1       
   0.374       
   0.026       
       0      
    43.2       
   0.354       
  -0.054       
       0      
    43.3       
   0.189       
   0.011       
       0      
    43.4       
   0.145       
  -0.045       
       0      
    43.5       
   0.036       
  -0.036       
       0      
    43.6       
    0.02       
   -0.02       
       0      
    43.7       
   0.036       
  -0.036       
       0      
    43.8       
    0.02       
   -0.02       
       0      
    43.9       
   0.004       
  -0.004       
       0      
      44       
   -0.04       
   -0.04       
       0      
    44.1       
   0.024       
   0.076       
       0      
    44.2       
   0.197       
   0.003       
       0      
    44.3       
   0.197       
   0.103       
       0      
    44.4       
   0.394       
   0.006       
       0      
    44.5       
   0.491       
   0.009       
       0      
    44.6       
   0.427       
   0.073       
       0      
    44.7       
   0.418       
   0.082       
       0      
    44.8       
   0.479       
   0.021       
       0      
    44.9       
   0.515       
  -0.015       
       0      
      45       
   0.439       
   0.061       
       0      
    45.1       
   0.455       
  -0.055       
       0      
    45.2       
   0.342       
  -0.042       
       0      
    45.3       
   0.173       
   0.027       
       0      
    45.4       
   0.165       
  -0.065       
       0      
    45.5       
  -0.028       
  -0.028       
       0      
    45.6       
  -0.048       
  -0.048       
       0      
    45.7       
   0.024       
  -0.024       
       0      
    45.8       
  -0.052       
  -0.052       
       0      
    45.9       
  -0.012       
  -0.012       
       0      
      46       
  -0.024       
  -0.024       
       0      
    46.1       
       0       
     0.1       
       0      
    46.2       
    0.08       
    0.12       
       0      
    46.3       
   0.249       
   0.051       
       0      
    46.4       
    0.39       
    0.01       
       0      
    46.5       
   0.487       
   0.013       
       0      
    46.6       
   0.483       
   0.017       
       0      
    46.7       
   0.406       
   0.094       
       0      
    46.8       
   0.519       
  -0.019       
       0      
    46.9       
   0.515       
  -0.015       
       0      
      47       
   0.427       
   0.073       
       0      
    47.1       
   0.362       
   0.038       
       0      
    47.2       
    0.31       
   -0.01       
       0      
    47.3       
   0.217       
  -0.017       
       0      
    47.4       
   0.153       
  -0.053       
       0      
    47.5       
   0.028       
  -0.028       
       0      
    47.6       
   0.048       
  -0.048       
       0      
    47.7       
   0.052       
  -0.052       
       0      
    47.8       
   0.004       
  -0.004       
       0      
    47.9       
   0.004       
  -0.004       
       0      
      48       
  -0.044       
  -0.044       
       0      
    48.1       
   0.088       
   0.012       
       0      
    48.2       
   0.177       
   0.023       
       0      
    48.3       
   0.314       
  -0.014       
       0      
    48.4       
   0.342       
   0.058       
       0      
    48.5       
   0.374       
   0.126       
       0      
    48.6       
   0.427       
   0.073       
       0      
    48.7       
   0.503       
  -0.003       
       0      
    48.8       
   0.511       
  -0.011       
       0      
    48.9       
   0.507       
  -0.007       
       0