      
    time       valid-volt      error-volt     cuurent     loop
=================================================
       0           0.004          -0.004               1               0      
     0.1       
   1.897       
   0.003       
     173       
       0      
     0.2       
   1.788       
   0.012       
     162       
       0      
     0.3       
   1.691       
   0.009       
     154       
       0      
     0.4       
   1.591       
   0.009       
     146       
       0      
     0.5       
   1.498       
   0.002       
     135       
       0      
     0.6       
   1.389       
   0.011       
     124       
       0      
     0.7       
   1.297       
   0.003       
     119       
       0      
     0.8       
   1.184       
   0.016       
     105       
       0      
     0.9       
   1.099       
   0.001       
      96       
       0      
       1       
   1.003       
  -0.003       
      86       
       0      
     1.1       
   1.003       
  -0.003       
      87       
       0      
     1.2       
   1.007       
  -0.007       
      86       
       0      
     1.3       
   1.007       
  -0.007       
      85       
       0      
     1.4       
   0.999       
   0.001       
      87       
       0      
     1.5       
   0.986       
   0.014       
      85       
       0      
     1.6       
   0.986       
   0.014       
      86       
       0      
     1.7       
   0.986       
   0.014       
      85       
       0      
     1.8       
   1.003       
  -0.003       
      86       
       0      
     1.9       
   1.003       
  -0.003       
      84       
       0      
       2       
   0.994       
   0.006       
      86       
       0      
     2.1       
   0.898       
   0.002       
      74       
       0      
     2.2       
   0.765       
   0.035       
      52       
       0      
     2.3       
   0.692       
   0.008       
      42       
       0      
     2.4       
   0.592       
   0.008       
      27       
       0      
     2.5       
   0.503       
  -0.003       
      12       
       0      
     2.6       
   0.382       
   0.018       
       0       
       0      
     2.7       
   0.302       
  -0.002       
       0       
       0