      
    time       valid-volt      error-volt     cuurent    loop
================================================
       0           0.012          -0.012               0               0      
     0.1       
   0.205       
  -0.005       
       0       
       0      
     0.2       
    0.41       
   -0.01       
       0       
       0      
     0.3       
     0.6       
       0       
      28       
       0      
     0.4       
   0.805       
  -0.005       
      58       
       0      
     0.5       
    0.99       
    0.01       
      85       
       0      
     0.6       
   0.999       
   0.001       
      84       
       0      
     0.7       
   0.999       
   0.001       
      84       
       0      
     0.8       
   1.003       
  -0.003       
      84       
       0      
     0.9       
   1.003       
  -0.003       
      85       
       0      
       1       
   1.003       
  -0.003       
      84       
       0      
     1.1       
   0.793       
   0.007       
      58       
       0      
     1.2       
   0.588       
   0.012       
      26       
       0      
     1.3       
   0.394       
   0.006       
       0       
       0      
     1.4       
   0.197       
   0.003       
       1       
       0      
     1.5       
   0.004       
  -0.004       
       1       
       0      
     1.6       
   0.004       
  -0.004       
       2       
       0      
     1.7       
       0       
       0       
       0       
       0      
     1.8       
       0       
       0       
       1       
       0      
     1.9       
       0       
       0       
       1       
       0      
       2       
   0.012       
  -0.012       
       0       
       0      
     2.1       
   0.201       
  -0.001       
       0       
       0      
     2.2       
   0.406       
  -0.006       
       0       
       0      
     2.3       
   0.604       
  -0.004       
      27       
       0      
     2.4       
   0.801       
  -0.001       
      58       
       0      
     2.5       
   1.007       
  -0.007       
      86       
       0      
     2.6       
   1.011       
  -0.011       
      88       
       0      
     2.7       
   0.994       
   0.006       
      84       
       0      
     2.8       
   0.999       
   0.001       
      84       
       0      
     2.9       
   0.994       
   0.006       
      84       
       0      
       3       
   1.003       
  -0.003       
      84       
       0      
     3.1       
   0.797       
   0.003       
      55       
       0      
     3.2       
   0.596       
   0.004       
      27       
       0      
     3.3       
   0.394       
   0.006       
       0       
       0      
     3.4       
   0.193       
   0.007       
       0       
       0      
     3.5       
       0       
       0       
       0       
       0      
     3.6       
   0.004       
  -0.004       
       1       
       0      
     3.7       
   0.004       
  -0.004       
       1       
       0      
     3.8       
       0       
       0       
       1       
       0      
     3.9       
       0       
       0       
       1       
       0      
       4       
       0       
       0       
       1       
       0      
     4.1       
   0.004       
   0.002       
       0       
       1      
     4.2       
   0.004       
   0.008       
       1       
       1      
     4.3       
   0.004       
   0.014       
       0       
       1      
     4.4       
   0.016       
   0.008       
       1       
       1      
     4.5       
    0.02       
    0.01       
       1       
       1      
     4.6       
   0.028       
   0.008       
       0       
       1      
     4.7       
   0.036       
   0.006       
       1       
       1      
     4.8       
   0.052       
  -0.004       
       1       
       1      
     4.9       
   0.052       
   0.002       
       1       
       1      
       5       
   0.056       
   0.004       
       1       
       1      
     5.1       
   0.068       
  -0.002       
       0       
       1      
     5.2       
   0.072       
       0       
       0       
       1      
     5.3       
   0.068       
    0.01       
       0       
       1      
     5.4       
   0.084       
       0       
       0       
       1      
     5.5       
    0.08       
    0.01       
       0       
       1      
     5.6       
   0.092       
   0.004       
       0       
       1      
     5.7       
   0.104       
  -0.002       
       0       
       1      
     5.8       
   0.108       
       0       
       0       
       1      
     5.9       
   0.116       
  -0.002       
       0       
       1      
       6       
   0.112       
   0.008       
       1       
       1      
     6.1       
    0.12       
   0.006       
       0       
       1      
     6.2       
   0.128       
   0.004       
       0       
       1      
     6.3       
   0.136       
   0.002       
       0       
       1      
     6.4       
   0.145       
  -0.001       
       0       
       1      
     6.5       
   0.145       
   0.005       
       0       
       1      
     6.6       
   0.153       
   0.003       
       0       
       1      
     6.7       
   0.157       
   0.005       
       1       
       1      
     6.8       
   0.165       
   0.003       
       0       
       1      
     6.9       
   0.169       
   0.005       
       0       
       1      
       7       
   0.177       
   0.003       
       0       
       1      
     7.1       
   0.185       
   0.001       
       1       
       1      
     7.2       
   0.189       
   0.003       
       0       
       1      
     7.3       
   0.193       
   0.005       
       0       
       1      
     7.4       
   0.197       
   0.007       
       0       
       1      
     7.5       
   0.201       
   0.009       
       0       
       1      
     7.6       
   0.213       
   0.003       
       0       
       1      
     7.7       
   0.217       
   0.005       
       0       
       1      
     7.8       
   0.229       
  -0.001       
       1       
       1      
     7.9       
   0.233       
   0.001       
       0       
       1      
       8       
   0.233       
   0.007       
       1       
       1      
     8.1       
   0.245       
   0.001       
       1       
       1      
     8.2       
   0.249       
   0.003       
       0       
       1      
     8.3       
   0.261       
  -0.003       
       0       
       1      
     8.4       
   0.257       
   0.007       
       0       
       1      
     8.5       
   0.269       
   0.001       
       0       
       1      
     8.6       
   0.273       
   0.003       
       1       
       1      
     8.7       
   0.273       
   0.009       
       0       
       1      
     8.8       
    0.29       
  -0.002       
       0       
       1      
     8.9       
    0.29       
   0.004       
       1       
       1      
       9       
    0.29       
    0.01       
       0       
       1      
     9.1       
   0.298       
   0.008       
       0       
       1      
     9.2       
    0.31       
   0.002       
       0       
       1      
     9.3       
   0.318       
       0       
       1       
       1      
     9.4       
   0.318       
   0.006       
       1       
       1      
     9.5       
   0.326       
   0.004       
       1       
       1      
     9.6       
   0.334       
   0.002       
       0       
       1      
     9.7       
   0.338       
   0.004       
       0       
       1      
     9.8       
   0.346       
   0.002       
       0       
       1      
     9.9       
   0.354       
       0       
       0       
       1      
      10       
   0.358       
   0.002       
       0       
       1      
    10.1       
   0.366       
       0       
       0       
       1      
    10.2       
   0.366       
   0.006       
       0       
       1      
    10.3       
   0.382       
  -0.004       
       0       
       1      
    10.4       
   0.386       
  -0.002       
       0       
       1      
    10.5       
   0.394       
  -0.004       
       0       
       1      
    10.6       
   0.386       
    0.01       
       0       
       1      
    10.7       
   0.398       
   0.004       
       1       
       1      
    10.8       
   0.406       
   0.002       
       0       
       1      
    10.9       
   0.406       
   0.008       
       0       
       1      
      11       
   0.418       
   0.002       
       0       
       1      
    11.1       
   0.422       
   0.004       
       1       
       1      
    11.2       
   0.431       
   0.001       
       2       
       1      
    11.3       
   0.439       
  -0.001       
       2       
       1      
    11.4       
   0.447       
  -0.003       
       3       
       1      
    11.5       
   0.451       
  -0.001       
       4       
       1      
    11.6       
   0.463       
  -0.007       
       6       
       1      
    11.7       
   0.463       
  -0.001       
       6       
       1      
    11.8       
   0.467       
   0.001       
       6       
       1      
    11.9       
   0.479       
  -0.005       
       8       
       1      
      12       
   0.487       
  -0.007       
       9       
       1      
    12.1       
   0.483       
   0.003       
       9       
       1      
    12.2       
   0.491       
   0.001       
      11       
       1      
    12.3       
   0.491       
   0.007       
      12       
       1      
    12.4       
   0.507       
  -0.003       
      12       
       1      
    12.5       
   0.515       
  -0.005       
      13       
       1      
    12.6       
   0.507       
   0.009       
      14       
       1      
    12.7       
   0.523       
  -0.001       
      16       
       1      
    12.8       
   0.519       
   0.009       
      15       
       1      
    12.9       
   0.531       
   0.003       
      16       
       1      
      13       
   0.531       
   0.009       
      17       
       1      
    13.1       
   0.539       
   0.007       
      18       
       1      
    13.2       
   0.551       
   0.001       
      19       
       1      
    13.3       
   0.559       
  -0.001       
      21       
       1      
    13.4       
   0.567       
  -0.003       
      22       
       1      
    13.5       
   0.572       
  -0.002       
      22       
       1      
    13.6       
   0.576       
       0       
      22       
       1      
    13.7       
   0.584       
  -0.002       
      24       
       1      
    13.8       
   0.588       
       0       
      26       
       1      
    13.9       
   0.588       
   0.006       
      25       
       1      
      14       
   0.592       
   0.008       
      27       
       1      
    14.1       
   0.608       
  -0.002       
      28       
       1      
    14.2       
   0.616       
  -0.004       
      29       
       1      
    14.3       
   0.616       
   0.002       
      31       
       1      
    14.4       
   0.624       
       0       
      30       
       1      
    14.5       
   0.636       
  -0.006       
      30       
       1      
    14.6       
    0.62       
   0.016       
      31       
       1      
    14.7       
   0.636       
   0.006       
      32       
       1      
    14.8       
   0.644       
   0.004       
      33       
       1      
    14.9       
   0.652       
   0.002       
      34       
       1      
      15       
   0.656       
   0.004       
      37       
       1      
    15.1       
   0.668       
  -0.002       
      37       
       1      
    15.2       
   0.672       
       0       
      38       
       1      
    15.3       
    0.68       
  -0.002       
      39       
       1      
    15.4       
    0.68       
   0.004       
      39       
       1      
    15.5       
   0.684       
   0.006       
      40       
       1      
    15.6       
   0.692       
   0.004       
      40       
       1      
    15.7       
     0.7       
   0.002       
      44       
       1      
    15.8       
     0.7       
   0.008       
      44       
       1      
    15.9       
   0.713       
   0.001       
      44       
       1      
      16       
   0.721       
  -0.001       
      45       
       1      
    16.1       
   0.725       
   0.001       
      46       
       1      
    16.2       
   0.725       
   0.007       
      48       
       1      
    16.3       
   0.741       
  -0.003       
      47       
       1      
    16.4       
   0.745       
  -0.001       
      51       
       1      
    16.5       
   0.753       
  -0.003       
      49       
       1      
    16.6       
   0.745       
   0.011       
      49       
       1      
    16.7       
   0.761       
   0.001       
      52       
       1      
    16.8       
   0.765       
   0.003       
      51       
       1      
    16.9       
   0.769       
   0.005       
      53       
       1      
      17       
   0.781       
  -0.001       
      54       
       1      
    17.1       
   0.785       
   0.001       
      54       
       1      
    17.2       
   0.797       
  -0.005       
      57       
       1      
    17.3       
   0.789       
   0.009       
      56       
       1      
    17.4       
   0.809       
  -0.005       
      58       
       1      
    17.5       
   0.809       
   0.001       
      59       
       1      
    17.6       
   0.817       
  -0.001       
      59       
       1      
    17.7       
   0.817       
   0.005       
      61       
       1      
    17.8       
   0.829       
  -0.001       
      62       
       1      
    17.9       
   0.829       
   0.005       
      61       
       1      
      18       
   0.837       
   0.003       
      64       
       1      
    18.1       
   0.841       
   0.005       
      64       
       1      
    18.2       
   0.854       
  -0.002       
      63       
       1      
    18.3       
   0.854       
   0.004       
      65       
       1      
    18.4       
   0.858       
   0.006       
      67       
       1      
    18.5       
   0.874       
  -0.004       
      67       
       1      
    18.6       
   0.874       
   0.002       
      68       
       1      
    18.7       
   0.882       
       0       
      68       
       1      
    18.8       
   0.882       
   0.006       
      69       
       1      
    18.9       
   0.898       
  -0.004       
      71       
       1      
      19       
   0.898       
   0.002       
      69       
       1      
    19.1       
   0.902       
   0.004       
      73       
       1      
    19.2       
   0.906       
   0.006       
      72       
       1      
    19.3       
   0.918       
       0       
      73       
       1      
    19.4       
   0.926       
  -0.002       
      76       
       1      
    19.5       
   0.934       
  -0.004       
      78       
       1      
    19.6       
   0.938       
  -0.002       
      76       
       1      
    19.7       
   0.938       
   0.004       
      75       
       1      
    19.8       
   0.954       
  -0.006       
      81       
       1      
    19.9       
    0.95       
   0.004       
      78       
       1      
      20       
   0.962       
  -0.002       
      80       
       1      
    20.1       
   0.966       
       0       
      81       
       1      
    20.2       
    0.97       
   0.002       
      80       
       1      
    20.3       
    0.97       
   0.008       
      82       
       1      
    20.4       
   0.986       
  -0.002       
      83       
       1      
    20.5       
   0.999       
  -0.009       
      84       
       1