      
       0       
   0.245      
     0.1       
  -0.108      
     0.2       
   0.044      
     0.3       
   0.318      
     0.4       
   0.414      
     0.5       
   0.672      
     0.6       
   0.692      
     0.7       
   0.692      
     0.8       
    0.68      
     0.9       
   0.636      
       1       
    0.66      
     1.1       
   0.459      
     1.2       
   0.294      
     1.3       
   0.064      
     1.4       
   -0.12      
     1.5       
  -0.229      
     1.6       
  -0.124      
     1.7       
  -0.213      
     1.8       
  -0.132      
     1.9       
  -0.132      
       2       
  -0.241      
     2.1       
  -0.064      
     2.2       
   0.128      
     2.3       
   0.302      
     2.4       
   0.418      
     2.5       
   0.672      
     2.6       
   0.632      
     2.7       
   0.676      
     2.8       
   0.713      
     2.9       
   0.628      
       3       
   0.656      
     3.1       
   0.447      
     3.2       
   0.294      
     3.3       
   0.004      
     3.4       
  -0.096      
     3.5       
  -0.225      
     3.6       
  -0.165      
     3.7       
  -0.136      
     3.8       
  -0.209      
     3.9       
  -0.165      
       4       
  -0.197      
     4.1       
   0.104      
     4.2       
   0.459      
     4.3       
   0.829      
     4.4       
     1.2      
     4.5       
   1.619      
     4.6       
   1.522      
     4.7       
   1.506      
     4.8       
   1.571      
     4.9       
   1.591      
       5       
   1.554      
     5.1       
   1.224      
     5.2       
   0.805      
     5.3       
   0.435      
     5.4       
   0.132      
     5.5       
  -0.197      
     5.6       
  -0.136      
     5.7       
  -0.112      
     5.8       
  -0.165      
     5.9       
  -0.136      
       6       
  -0.197      
     6.1       
   0.064      
     6.2       
   0.503      
     6.3       
    0.89      
     6.4       
    1.16      
     6.5       
   1.538      
     6.6       
   1.611      
     6.7       
   1.466      
     6.8       
   1.558      
     6.9       
   1.571      
       7       
   1.506      
     7.1       
   1.176      
     7.2       
   0.858      
     7.3       
    0.37      
     7.4       
   0.068      
     7.5       
  -0.221      
     7.6       
  -0.185      
     7.7       
   -0.12      
     7.8       
  -0.153      
     7.9       
   -0.12      
       8       
  -0.217      
     8.1       
   0.096      
     8.2       
   0.475      
     8.3       
   0.845      
     8.4       
   1.224      
     8.5       
   1.534      
     8.6       
    1.55      
     8.7       
   1.583      
     8.8       
   1.562      
     8.9       
   1.546      
       9       
   1.554      
     9.1       
    1.14      
     9.2       
   0.894      
     9.3       
   0.459      
     9.4       
   0.096      
     9.5       
  -0.132      
     9.6       
   -0.14      
     9.7       
  -0.177      
     9.8       
  -0.201      
     9.9       
  -0.157      
    10.1       
  -0.165      
    10.2       
   0.124      
    10.3       
   0.439      
    10.4       
   0.829      
    10.5       
   1.176      
    10.6       
   1.546      
    10.7       
   1.611      
    10.8       
   1.607      
    10.9       
   1.526      
      11       
   1.575      
    11.1       
   1.514      
    11.2       
   1.111      
    11.3       
   0.793      
    11.4       
   0.463      
    11.5       
    0.08      
    11.6       
  -0.185      
    11.7       
  -0.173      
    11.8       
   -0.14      
    11.9       
   -0.12      
      12       
  -0.189      
    12.1       
  -0.161      
    12.2       
   0.656      
    12.3       
   0.652      
    12.4       
   0.559      
    12.5       
   0.652      
    12.6       
    0.64      
    12.7       
   0.668      
    12.8       
   0.684      
    12.9       
   0.648      
      13       
   0.668      
    13.1       
   0.676      
    13.2       
   0.624      
    13.3       
   0.451      
    13.4       
   0.334      
    13.5       
   0.286      
    13.6       
   0.177      
    13.7       
   0.084      
    13.8       
  -0.072      
    13.9       
  -0.096      
      14       
  -0.181      
    14.1       
  -0.193      
    14.2       
  -0.213      
    14.3       
  -0.233      
    14.4       
  -0.185      
    14.5       
  -0.165      
    14.6       
  -0.225      
    14.7       
  -0.185      
    14.8       
  -0.173      
    14.9       
  -0.165      
      15       
  -0.157      
    15.1       
  -0.177      
       0       
   0.277      
     0.1       
  -0.048      
     0.2       
   0.056      
     0.3       
   0.257      
     0.4       
   0.374      
     0.5       
   0.676      
     0.6       
     0.6      
     0.7       
   0.664      
     0.8       
   0.652      
     0.9       
   0.664      
       1       
   0.713      
     1.1       
   0.511      
     1.2       
   0.277      
     1.3       
    0.12      
     1.4       
  -0.112      
     1.5       
  -0.145      
     1.6       
  -0.193      
     1.7       
  -0.165      
     1.8       
  -0.165      
     1.9       
  -0.132      
       2       
  -0.161      
     2.1       
  -0.088      
     2.2       
    0.06      
     2.3       
   0.302      
     2.4       
   0.447      
     2.5       
   0.576      
     2.6       
   0.652      
     2.7       
   0.644      
     2.8       
   0.632      
     2.9       
   0.628      
       3       
   0.588      
     3.1       
   0.491      
     3.2       
   0.249      
     3.3       
   0.116      
     3.4       
  -0.084      
     3.5       
  -0.165      
     3.6       
  -0.072      
     3.7       
  -0.145      
     3.8       
  -0.197      
     3.9       
  -0.132      
       4       
  -0.181      
     4.1       
   0.116      
     4.2       
   0.422      
     4.3       
   0.801      
     4.4       
   1.188      
     4.5       
   1.538      
     4.6       
   1.571      
     4.7       
   1.611      
     4.8       
   1.591      
     4.9       
   1.522      
       5       
   1.607      
     5.1       
   1.184      
     5.2       
   0.829      
     5.3       
   0.431      
     5.4       
   0.048      
     5.5       
  -0.185      
     5.6       
  -0.132      
     5.7       
  -0.241      
     5.8       
  -0.237      
     5.9       
  -0.169      
       6       
  -0.161      
     6.1       
   0.157      
     6.2       
   0.463      
     6.3       
   0.841      
     6.4       
   1.232      
     6.5       
   1.607      
     6.6       
   1.546      
     6.7       
   1.494      
     6.8       
   1.599      
     6.9       
   1.579      
       7       
   1.494      
     7.1       
   1.115      
     7.2       
   0.854      
     7.3       
   0.414      
     7.4       
   0.036      
     7.5       
  -0.181      
     7.6       
  -0.096      
     7.7       
  -0.189      
     7.8       
  -0.181      
     7.9       
  -0.181      
       8       
  -0.161      
     8.1       
   0.132      
     8.2       
   0.495      
     8.3       
   0.902      
     8.4       
   1.131      
     8.5       
   1.546      
     8.6       
    1.53      
     8.7       
   1.542      
     8.8       
   1.554      
     8.9       
   1.482      
       9       
   1.615      
     9.1       
   1.212      
     9.2       
   0.741      
     9.3       
   0.507      
     9.4       
   0.064      
     9.5       
  -0.104      
     9.6       
  -0.153      
     9.7       
  -0.201      
     9.8       
  -0.193      
     9.9       
  -0.169      
    10.1       
  -0.161      
    10.2       
   0.056      
    10.3       
   0.427      
    10.4       
   0.825      
    10.5       
    1.22      
    10.6       
   1.591      
    10.7       
   1.571      
    10.8       
   1.587      
    10.9       
   1.546      
      11       
   1.562      
    11.1       
   1.542      
    11.2       
   1.152      
    11.3       
   0.833      
    11.4       
   0.467      
    11.5       
    0.06      
    11.6       
  -0.169      
    11.7       
  -0.169      
    11.8       
  -0.136      
    11.9       
  -0.193      
      12       
  -0.161      
    12.1       
  -0.132      
    12.2       
  -0.096      
    12.3       
  -0.112      
    12.4       
  -0.008      
    12.5       
   0.064      
    12.6       
   0.177      
    12.7       
   0.237      
    12.8       
    0.35      
    12.9       
   0.467      
      13       
   0.523      
    13.1       
    0.62      
    13.2       
   0.644      
    13.3       
    0.66      
    13.4       
   0.628      
    13.5       
   0.624      
    13.6       
   0.684      
    13.7       
   0.636      
    13.8       
   0.672      
    13.9       
   0.696      
      14       
   0.636      
    14.1       
   0.604      
    14.2       
    0.58      
    14.3       
   0.431      
    14.4       
   0.338      
    14.5       
   0.298      
    14.6       
   0.209      
    14.7       
   0.136      
    14.8       
   0.064      
    14.9       
  -0.072      
      15       
  -0.165      
    15.1       
   -0.12      
    15.2       
  -0.165      
    15.3       
  -0.128      
    15.4       
  -0.165      
    15.5       
  -0.157      
    15.6       
  -0.165      
    15.7       
  -0.153      
    15.8       
  -0.161      
    15.9       
  -0.193      
      16       
  -0.145      
    16.1       
   -0.12      
       0       
    0.29      
     0.1       
   -0.08      
     0.2       
   0.088      
     0.3       
   0.273      
     0.4       
   0.455      
     0.5       
   0.612      
     0.6       
   0.592      
     0.7       
    0.64      
     0.8       
    0.66      
     0.9       
   0.612      
       1       
   0.692      
     1.1       
   0.467      
     1.2       
   0.273      
     1.3       
   0.096      
     1.4       
   -0.08      
     1.5       
  -0.161      
     1.6       
  -0.209      
     1.7       
  -0.169      
     1.8       
  -0.201      
     1.9       
  -0.165      
       2       
  -0.136      
     2.1       
  -0.084      
     2.2       
    0.08      
     2.3       
   0.346      
     2.4       
   0.451      
     2.5       
    0.66      
     2.6       
   0.652      
     2.7       
   0.688      
     2.8       
   0.636      
     2.9       
   0.632      
       3       
   0.656      
     3.1       
   0.523      
     3.2       
   0.286      
     3.3       
   0.124      
     3.4       
  -0.132      
     3.5       
  -0.173      
     3.6       
  -0.185      
     3.7       
  -0.161      
     3.8       
  -0.153      
     3.9       
  -0.153      
       4       
  -0.153      
     4.1       
   0.088      
     4.2       
   0.362      
     4.3       
   0.805      
     4.4       
   1.264      
     4.5       
   1.599      
     4.6       
    1.49      
     4.7       
   1.538      
     4.8       
   1.558      
     4.9       
   1.546      
       5       
   1.558      
     5.1       
   1.176      
     5.2       
   0.793      
     5.3       
   0.531      
     5.4       
   0.052      
     5.5       
  -0.153      
     5.6       
  -0.153      
     5.7       
  -0.165      
     5.8       
  -0.136      
     5.9       
  -0.189      
       6       
  -0.124      
     6.1       
   0.128      
     6.2       
   0.406      
     6.3       
   0.797      
     6.4       
   1.192      
     6.5       
   1.526      
     6.6       
    1.49      
     6.7       
   1.587      
     6.8       
   1.587      
     6.9       
   1.546      
       7       
   1.595      
     7.1       
   1.152      
     7.2       
   0.926      
     7.3       
   0.467      
     7.4       
   0.165      
     7.5       
  -0.225      
     7.6       
  -0.193      
     7.7       
  -0.177      
     7.8       
  -0.209      
     7.9       
  -0.177      
       8       
   -0.12      
     8.1       
   -0.06      
     8.2       
   0.084      
     8.3       
   0.298      
     8.4       
   0.471      
     8.5       
    0.66      
     8.6       
   0.696      
     8.7       
   0.628      
     8.8       
    0.64      
     8.9       
   0.604      
       9       
   0.684      
     9.1       
   0.455      
     9.2       
   0.306      
     9.3       
   0.068      
     9.4       
  -0.084      
     9.5       
  -0.165      
     9.6       
  -0.177      
     9.7       
  -0.149      
     9.8       
  -0.149      
     9.9       
  -0.157      
    10.1       
   -0.14