      
    time       valid-volt      error-volt     current    loop
================================================
       0           0.004          -0.004               1            9999      
     0.1       
   0.197       
   0.003       
       1       
       0      
     0.2       
   0.414       
  -0.014       
       0       
       0      
     0.3       
   0.604       
  -0.004       
      40       
       0      
     0.4       
   0.817       
  -0.017       
      87       
       0      
     0.5       
    0.99       
    0.01       
     134       
       0      
     0.6       
   0.986       
   0.014       
     132       
       0      
     0.7       
   1.003       
  -0.003       
     129       
       0      
     0.8       
   0.999       
   0.001       
     132       
       0      
     0.9       
   0.999       
   0.001       
     130       
       0      
       1       
   1.003       
  -0.003       
     131       
       0      
     1.1       
   0.789       
   0.011       
      83       
       0      
     1.2       
   0.596       
   0.004       
      39       
       0      
     1.3       
   0.398       
   0.002       
       0       
       0      
     1.4       
   0.201       
  -0.001       
       0       
       0      
     1.5       
       0       
       0       
       2       
       0      
     1.6       
   0.012       
  -0.012       
       1       
       0      
     1.7       
       0       
       0       
       0       
       0      
     1.8       
   0.004       
  -0.004       
       1       
       0      
     1.9       
       0       
       0       
       0       
       0      
       2       
   0.004       
  -0.004       
       1       
       0      
     2.1       
   0.201       
  -0.001       
       0       
       0      
     2.2       
   0.414       
  -0.014       
       0       
       0      
     2.3       
   0.604       
  -0.004       
      40       
       0      
     2.4       
   0.805       
  -0.005       
      91       
       0      
     2.5       
   1.007       
  -0.007       
     128       
       0      
     2.6       
   0.994       
   0.006       
     129       
       0      
     2.7       
   0.999       
   0.001       
     131       
       0      
     2.8       
   1.019       
  -0.019       
     128       
       0      
     2.9       
   1.003       
  -0.003       
     131       
       0      
       3       
   0.999       
   0.001       
     128       
       0      
     3.1       
   0.789       
   0.011       
      82       
       0      
     3.2       
   0.596       
   0.004       
      38       
       0      
     3.3       
   0.402       
  -0.002       
       1       
       0      
     3.4       
   0.181       
   0.019       
       2       
       0      
     3.5       
       0       
       0       
       1       
       0      
     3.6       
       0       
       0       
       0       
       0      
     3.7       
   0.012       
  -0.012       
       1       
       0      
     3.8       
  -0.004       
   0.004       
       1       
       0      
     3.9       
   0.008       
  -0.008       
       2       
       0      
       4       
   0.008       
  -0.008       
       2       
       0      
     4.1       
   0.201       
  -0.001       
       0       
       1      
     4.2       
   0.414       
  -0.014       
       0       
       1      
     4.3       
   0.604       
  -0.004       
      41       
       1      
     4.4       
   0.809       
  -0.009       
      87       
       1      
     4.5       
   1.007       
  -0.007       
     132       
       1      
     4.6       
   1.192       
   0.008       
     158       
       1      
     4.7       
   1.409       
  -0.009       
     193       
       1      
     4.8       
   1.607       
  -0.007       
     220       
       1      
     4.9       
   1.804       
  -0.004       
     252       
       1      
       5       
   1.998       
   0.002       
     277       
       1      
     5.1       
   2.006       
  -0.006       
     276       
       1      
     5.2       
   2.006       
  -0.006       
     278       
       1      
     5.3       
   2.002       
  -0.002       
     277       
       1      
     5.4       
   2.002       
  -0.002       
     277       
       1      
     5.5       
   1.994       
   0.006       
     277       
       1      
     5.6       
   2.002       
  -0.002       
     278       
       1      
     5.7       
   1.998       
   0.002       
     281       
       1      
     5.8       
   2.006       
  -0.006       
     279       
       1      
     5.9       
    2.01       
   -0.01       
     278       
       1      
       6       
   2.006       
  -0.006       
     283       
       1      
     6.1       
   1.796       
   0.004       
     249       
       1      
     6.2       
   1.595       
   0.005       
     219       
       1      
     6.3       
   1.397       
   0.003       
     190       
       1      
     6.4       
   1.204       
  -0.004       
     161       
       1      
     6.5       
    0.99       
    0.01       
     126       
       1      
     6.6       
   0.793       
   0.007       
      86       
       1      
     6.7       
   0.592       
   0.008       
      38       
       1      
     6.8       
   0.398       
   0.002       
       0       
       1      
     6.9       
   0.185       
   0.015       
       2       
       1      
       7       
   0.012       
  -0.012       
       2       
       1      
     7.1       
   0.004       
  -0.004       
       2       
       1      
     7.2       
   0.012       
  -0.012       
       1       
       1      
     7.3       
   0.008       
  -0.008       
       1       
       1      
     7.4       
   0.004       
  -0.004       
       2       
       1      
     7.5       
   0.004       
  -0.004       
       1       
       1      
     7.6       
  -0.004       
   0.004       
       2       
       1      
     7.7       
   0.012       
  -0.012       
       1       
       1      
     7.8       
       0       
       0       
       2       
       1      
     7.9       
       0       
       0       
       2       
       1      
       8       
   0.004       
  -0.004       
       0       
       1      
     8.1       
   0.189       
   0.011       
       1       
       2      
     8.2       
   0.402       
  -0.002       
       2       
       2      
     8.3       
   0.616       
  -0.016       
      49       
       2      
     8.4       
   0.789       
   0.011       
      91       
       2