      17       
       4       
    time      volt      loop
====================
       0               0               0               
     0.5               1               0               
     0.5               1               0               
     0.5               0               0               
     0.5               0               0               
     0.5               1               0               
     0.5               1               0               
     0.5               0               0               
     0.5               0               0               
      30               2            9999               
     0.5               2              -1               
     0.5               2              -1               
     0.5               2              -1               
     0.5              -1               0               
     0.5              -1               0               
     0.5               0               0               
     0.5               0               0               
